=== v19 (2nd-order) step-12k scale check, lr_scale=0.5, 1200 steps ===
 step     loss     dH/H       ds  logstep    updrms cos_prev
  150   2.2974   1.0719   0.2247   0.0000   0.00016   0.7089
  300   1.8858   1.0230   0.2038   0.0000   0.00021   0.7074
  450   1.6955   0.8835   0.2146   0.0000   0.00021   0.7045
  600   1.5670   0.9567   0.2111   0.0000   0.00021   0.6872
  750   1.5159   1.0192   0.2019   0.0000   0.00023   0.6984
  900   1.4833   1.0164   0.2269   0.0000   0.00023   0.6718
 1050   1.4553   1.0324   0.2004   0.0000   0.00022   0.6729
V19_DIAG_DONE
