=== v18 (curriculum) step-9k scale check, lr_scale=0.5, 1200 steps ===
 step     loss     dH/H       ds  logstep    updrms cos_prev
  150   2.0377   1.0882   0.2745   0.0000   0.00041   0.5251
  300   1.7515   1.0192   0.2688   0.0000   0.00089   0.3855
  450   1.6874   0.9817   0.2794   0.0000   0.00156   0.4552
  600   1.6420   1.1377   0.3192   0.0000   0.00162   0.4549
  750   1.6111   0.9909   0.2719   0.0000   0.00110   0.4185
  900   1.5784   1.0422   0.2988   0.0000   0.00123   0.4760
 1050   1.5840   1.1198   0.3164   0.0000   0.00143   0.4248
V18_DIAG_DONE
