=== v17 (retrained ns=8) step-9k scale check, lr_scale=0.5, 1200 steps ===
 step     loss     dH/H       ds  logstep    updrms cos_prev
  150   2.0563   1.0909   0.3244   0.0000   0.00099   0.3741
  300   1.7757   0.9808   0.2701   0.0000   0.00079   0.3221
  450   1.6433   1.0547   0.2913   0.0000   0.00113   0.4040
  600   1.6148   1.1568   0.2717   0.0000   0.00150   0.4071
  750   1.6026   1.0192   0.2855   0.0000   0.00138   0.3989
  900   1.5609   1.0941   0.3115   0.0000   0.00148   0.4219
 1050   1.5714   1.1751   0.2929   0.0000   0.00196   0.3570
V17_DIAG_DONE
