=== v13 (ns=5) MATCHED baseline, lr_scale=0.5, 1200 steps ===
 step     loss     dH/H       ds  logstep    updrms cos_prev
  150   2.0788   1.0882   0.2969   0.0000   0.00052   0.5148
  300   1.7825   0.9918   0.2667   0.0000   0.00103   0.4711
  450   1.6650   1.1771   0.2894   0.0000   0.00092   0.4299
  600   1.5962   1.1463   0.2916   0.0000   0.00104   0.4583
  750   1.5992   1.1107   0.3300   0.0000   0.00139   0.4708
  900   1.5614   1.0454   0.2984   0.0000   0.00118   0.4963
 1050   1.5346   0.9725   0.3149   0.0000   0.00098   0.4391
V13_BASE_DONE
